8 30 2 14
8 30 3 11
8 30 4 25
8 30 5 16
8 30 6 34
8 30 7 38
8 30 7 45
8 30 7 58
8 30 8 33
8 30 10 13
8 30 13 7
8 30 17 25
8 30 18 14
8 30 18 18
8 30 18 29
8 30 22 27
8 30 22 38
8 30 22 44
15 23 2 19
15 23 6 35
15 23 8 37
15 23 9 30
15 23 9 35
15 23 12 0
15 23 19 11
15 23 19 19
15 23 23 15
13 27 20 00
13 27 20 10
30 8 1 1
30 8 3 20
30 8 4 10
30 8 4 55
30 8 5 0
30 8 5 5
30 8 10 10
30 8 10 30
30 8 10 50
30 8 15 32
30 8 15 59
30 8 19 19
30 8 19 28
30 8 19 37
30 8 21 50
30 8 22 2
23 15 2 9
23 15 6 18
23 15 6 48
23 15 7 18
23 15 7 48
23 15 8 18
23 15 11 37
23 15 13 2
23 15 23 0
27 13 9 18
17 13 17 40