11 27 4 13
11 27 4 43
11 27 5 13
11 27 5 43
11 27 6 13
11 27 6 43
11 27 7 13
11 27 7 43
11 27 8 13
11 27 8 43
11 27 9 13
11 27 9 43
11 27 10 13
11 27 10 43
11 27 11 13
11 27 12 13
11 27 13 13
11 27 14 13
11 27 15 13
11 27 16 13
11 27 17 13
11 27 18 13
11 27 18 43
11 27 19 38
11 27 19 50
11 27 20 20
11 27 21 40
11 25 22 30
27 11 5 19
27 11 6 19
27 11 6 49
27 11 7 19
27 11 7 49
27 11 8 19
27 11 8 49
27 11 9 19
27 11 10 19
27 11 11 19
27 11 12 19
27 11 13 49
27 11 14 49
27 11 15 49
27 11 16 49
27 11 17 19
27 11 17 49
27 11 18 19
27 11 19 19
27 11 20 19
27 11 21 19
27 11 22 19
27 11 22 49
27 11 23 19
25 11 23 49