11 24 4 10
11 24 5 10
11 24 6 10
11 24 6 40
11 24 7 10
11 24 7 40
11 24 8 10
11 24 8 40
11 24 9 10
11 24 9 40
11 24 10 10
11 24 10 40
11 24 11 10
11 24 11 40
11 24 12 10
11 24 13 10
11 24 14 10
11 24 15 40
11 24 17 40
11 24 18 40
11 24 19 40
11 24 20 40
11 24 21 40
11 24 22 40
24 11 3 10
24 11 4 10
24 11 5 10
24 11 6 40
24 11 7 40
24 11 8 40
24 11 9 40
24 11 10 40
24 11 11 40
24 11 12 40
24 11 13 40
24 11 14 40
24 11 15 40
24 11 16 40
24 11 17 40
24 11 18 40
24 11 19 10
24 11 19 40
24 11 20 10
24 11 20 40
24 11 21 10
24 11 21 40
24 11 22 40
24 11 23 40