29 17 8 40
29 17 8 55
29 17 9 9
29 17 9 15
29 17 17 15
29 17 17 28
29 17 17 40
29 17 17 52
29 17 18 4
29 17 18 18
29 17 18 32
29 17 18 49
29 17 19 6
29 17 19 25
29 17 19 35
29 17 19 45
29 17 19 55
29 17 20 5
29 17 20 15
29 17 20 25
29 17 20 35
29 17 20 45
29 17 20 55
29 11 21 6
29 11 21 16
29 11 21 26
33 17 7 16
33 17 8 25
33 17 9 22
33 17 18 17
33 17 19 6
36 11 5 1
36 11 5 12
36 11 5 23
36 11 5 33
36 11 5 43
36 11 5 53
36 11 6 3
36 11 6 12
36 11 6 18
36 11 6 25
36 11 6 31
36 11 6 37
36 11 6 43
36 11 6 48
36 11 6 54
36 11 6 58
36 11 7 3
36 11 7 7
36 11 7 12
36 11 7 18
36 11 7 23
36 11 7 29
36 11 7 33
36 11 7 39
36 11 7 44
36 11 7 48
36 11 7 54
36 11 7 59
36 11 8 4
36 11 8 9
36 11 8 15
36 11 8 28
36 11 8 50
36 11 9 3
36 11 9 11
36 11 9 26
36 11 9 40
36 11 9 54
36 11 10 9
36 11 10 24
36 11 10 39
36 11 10 54
36 11 11 16
36 11 11 39
36 11 11 54
36 11 12 16
36 11 12 46
36 11 13 16
36 11 13 46
36 11 14 16
36 11 15 35
36 11 16 22
36 11 16 49
36 11 17 21
36 11 17 52
36 11 18 13
36 11 18 47
36 11 19 15
36 11 19 45
36 11 20 45
36 11 21 23
36 11 21 57
36 11 22 17
36 11 22 37
36 11 22 56
36 11 23 14
36 11 23 34
17 33 6 59
17 33 7 56
17 29 8 7
17 33 8 33
17 33 8 39
17 33 8 59
17 29 17 18
17 33 17 38
17 29 17 56
17 29 18 13
17 29 19 46
17 29 20 36
17 29 21 26
11 36 4 59
11 36 5 49
11 36 6 30
17 33 7 1
17 36 7 52
17 36 8 43
17 36 8 49
17 36 9 20
17 36 10 4
17 36 10 57
17 36 11 49
17 36 12 27
17 36 13 42
17 36 14 34
12 36 15 56
17 36 17 16
17 36 17 58
17 36 18 40
17 36 19 48
17 36 21 58
17 36 22 45
17 36 23 35