11 21 0 12
11 21 0 34
11 21 1 13
11 21 1 26
11 21 1 38
11 21 3 29
11 21 4 23
11 21 5 9
11 21 5 39
11 21 6 40
11 21 8 12
11 21 9 23
11 21 12 38
11 21 14 8
11 21 15 8
11 21 16 0
11 21 18 32
11 21 18 43
11 21 18 54
11 21 19 31
11 21 20 3
11 21 22 8
11 21 24 0
11 20 19 5
21 11 2 8
21 11 3 13
21 11 4 9
21 11 5 23
21 11 6 42
21 11 7 58
21 11 8 8
21 11 9 32
21 11 10 32
21 11 11 7
21 11 12 32
21 11 13 38
21 11 14 38
21 11 15 9
21 11 16 32
21 11 17 32
21 11 18 43
21 11 19 32
21 11 20 0
21 11 21 0
21 11 21 30
21 11 22 45
21 11 23 9
21 11 24 0